Index 0
Time 
Student 
Grades 

[-5, -106, 84, -106, 49, -56, 53, -21, 35, -100, -42, 20, -52, 107, 92, -73, -46, -107, 18, 26]
Index 1
Time 2018/06/07 22:18:54
Student sidorov
Grades 4
[-5, -106, 84, -106, 49, -56, 53, -21, 35, -100, -42, 20, -52, 107, 92, -73, -46, -107, 18, 26]
[100, -43, -108, -115, 81, -66, -75, -74, -122, 62, -42, -5, 115, -43, 121, -7, 3, -38, -38, 78]
Index 2
Time 2018/06/07 22:19:10
Student sidorov
Grades 4
[100, -43, -108, -115, 81, -66, -75, -74, -122, 62, -42, -5, 115, -43, 121, -7, 3, -38, -38, 78]
[-54, 78, 39, 13, 46, 111, 108, 76, 51, 1, -105, -89, -99, 54, -104, 59, -118, -56, 100, -97]
Index 3
Time 2018/06/07 22:19:19
Student sidorov
Grades 4
[-54, 78, 39, 13, 46, 111, 108, 76, 51, 1, -105, -89, -99, 54, -104, 59, -118, -56, 100, -97]
[-5, 0, -12, -20, 60, 120, -88, -15, 118, -47, -2, -30, -114, 49, -75, 114, 82, 49, -43, -90]
